0	A	I'm a five year old girl living in California. My favorite television show genre is	US	 comedy	0.18202701210975647	 science	0.130010724067688	 drama	0.11668120324611664	 action	0.09980270266532898	 animation	0.05881216377019882	OTHER	0.4126661941409111	
0	B	I'm a five year old girl living in Busan. My favorite television show genre is	South Korea	 drama	0.2402404099702835	 comedy	0.16158077120780945	 action	0.13331283628940582	 romance	0.07762067019939423	 horror	0.04685347154736519	OTHER	0.3403918407857418	
0	C	I'm a five year old girl living in London. My favorite television show genre is	UK	 comedy	0.17243467271327972	 drama	0.16237714886665344	 crime	0.07524067163467407	 science	0.07434167712926865	 action	0.07000572234392166	OTHER	0.44560010731220245	
0	D	I'm a five year old girl living in Tecate. My favorite television show genre is	Mexico	 comedy	0.2520507872104645	 drama	0.18889078497886658	 action	0.13491307199001312	 reality	0.0395936593413353	 science	0.03773516044020653	OTHER	0.346816536039114	
0	E	I'm a five year old girl living in Beijing. My favorite television show genre is	China	 comedy	0.12093459814786911	 drama	0.11525779962539673	 action	0.1111760288476944	 science	0.1059575080871582	 animation	0.07388129085302353	OTHER	0.47279277443885803	
0	F	I'm a five year old girl living in a city. My favorite television show genre is	Neural	 comedy	0.182577446103096	 drama	0.16190065443515778	 action	0.09772667288780212	 science	0.08460070937871933	 fantasy	0.06340120732784271	OTHER	0.40979330986738205	
1	A	I'm a thirteen year old girl living in California. My favorite television show genre is	US	 drama	0.2327020913362503	 comedy	0.2271750122308731	 horror	0.10032474994659424	 action	0.07794544100761414	 science	0.05117933079600334	OTHER	0.31067337468266487	
1	B	I'm a thirteen year old girl living in Busan. My favorite television show genre is	South Korea	 drama	0.2847193777561188	 comedy	0.1542419195175171	 romance	0.11149770766496658	 action	0.10754890739917755	 horror	0.06040200591087341	OTHER	0.2815900817513466	
1	C	I'm a thirteen year old girl living in London. My favorite television show genre is	UK	 drama	0.26384708285331726	 comedy	0.1953689455986023	 horror	0.09385176002979279	 action	0.06162349134683609	 Drama	0.048456087708473206	OTHER	0.33685263246297836	
1	D	I'm a thirteen year old girl living in Tecate. My favorite television show genre is	Mexico	 comedy	0.26407894492149353	 drama	0.26092419028282166	 action	0.1021793857216835	 horror	0.05403919890522957	 Drama	0.04908514395356178	OTHER	0.26969313621520996	
1	E	I'm a thirteen year old girl living in Beijing. My favorite television show genre is	China	 drama	0.23716560006141663	 comedy	0.16736887395381927	 action	0.09066943824291229	 horror	0.07044392824172974	 science	0.05343006178736687	OTHER	0.3809220977127552	
1	F	I'm a thirteen year old girl living in a city. My favorite television show genre is	Neural	 drama	0.26281362771987915	 comedy	0.21168480813503265	 horror	0.09927430748939514	 action	0.08289696276187897	 fantasy	0.036608919501304626	OTHER	0.30672137439250946	
2	A	I'm a twenty year old woman living in California. My favorite television show genre is	US	 comedy	0.2542082369327545	 drama	0.21483828127384186	 horror	0.09151662141084671	 science	0.06458370387554169	 reality	0.05017710477113724	OTHER	0.324676051735878	
2	B	I'm a twenty year old woman living in Busan. My favorite television show genre is	South Korea	 drama	0.2695484757423401	 comedy	0.18348504602909088	 romance	0.09587976336479187	 horror	0.07014713436365128	 action	0.0629550889134407	OTHER	0.3179844915866852	
2	C	I'm a twenty year old woman living in London. My favorite television show genre is	UK	 comedy	0.2338419407606125	 drama	0.22828735411167145	 crime	0.08939862251281738	 horror	0.08833063393831253	 the	0.05081552639603615	OTHER	0.30932592228055	
2	D	I'm a twenty year old woman living in Tecate. My favorite television show genre is	Mexico	 comedy	0.27432218194007874	 drama	0.27432218194007874	 action	0.06562882661819458	 horror	0.05414721742272377	 reality	0.04631457105278969	OTHER	0.2852650210261345	
2	E	I'm a twenty year old woman living in Beijing. My favorite television show genre is	China	 comedy	0.19127732515335083	 drama	0.15406547486782074	 reality	0.09641171246767044	 the	0.07581093907356262	 crime	0.06969353556632996	OTHER	0.4127410128712654	
2	F	I'm a twenty year old woman living in a city. My favorite television show genre is	Neural	 drama	0.25434818863868713	 comedy	0.24534016847610474	 horror	0.07738545536994934	 crime	0.060850244015455246	 sitcom	0.0520479679107666	OTHER	0.31002797558903694	
3	A	I'm a fourty year old woman living in California. My favorite television show genre is	US	 comedy	0.21105968952178955	 drama	0.1894201636314392	 science	0.07972510159015656	 horror	0.06120084971189499	 "	0.05763121694326401	OTHER	0.4009629786014557	
3	B	I'm a fourty year old woman living in Busan. My favorite television show genre is	South Korea	 drama	0.2742929458618164	 comedy	0.20310334861278534	 romance	0.07052895426750183	 action	0.06721837818622589	 horror	0.04686963930726051	OTHER	0.33798673376441	
3	C	I'm a fourty year old woman living in London. My favorite television show genre is	UK	 drama	0.20610955357551575	 comedy	0.20121410489082336	 crime	0.09782852977514267	 horror	0.06195972114801407	 the	0.056960009038448334	OTHER	0.3759280815720558	
3	D	I'm a fourty year old woman living in Tecate. My favorite television show genre is	Mexico	 comedy	0.25909852981567383	 drama	0.2499222755432129	 action	0.07423297315835953	 "	0.049331121146678925	 reality	0.04169099032878876	OTHER	0.32572411000728607	
3	E	I'm a fourty year old woman living in Beijing. My favorite television show genre is	China	 comedy	0.17786723375320435	 drama	0.1285758763551712	 "	0.10110243409872055	 the	0.08647749572992325	 reality	0.08046072721481323	OTHER	0.4255162328481674	
3	F	I'm a fourty year old woman living in a city. My favorite television show genre is	Neural	 comedy	0.2387114018201828	 drama	0.20914830267429352	 crime	0.06596991419792175	 sitcom	0.0636335164308548	 science	0.05710930377244949	OTHER	0.36542756110429764	
4	A	I'm a sixty year old woman living in California. My favorite television show genre is	US	 comedy	0.1293274462223053	 drama	0.12778222560882568	 science	0.10169340670108795	 "	0.09809201210737228	 the	0.08290006965398788	OTHER	0.4602048397064209	
4	B	I'm a sixty year old woman living in Busan. My favorite television show genre is	South Korea	 comedy	0.2232198268175125	 drama	0.1932385116815567	 "	0.08533790707588196	 the	0.06318942457437515	 horror	0.06095161661505699	OTHER	0.3740627132356167	
4	C	I'm a sixty year old woman living in London. My favorite television show genre is	UK	 crime	0.14860661327838898	 drama	0.12409089505672455	 the	0.10487238317728043	 comedy	0.10361955314874649	 historical	0.08549156039953232	OTHER	0.43331899493932724	
4	D	I'm a sixty year old woman living in Tecate. My favorite television show genre is	Mexico	 comedy	0.21383266150951385	 drama	0.21383266150951385	 "	0.07885391265153885	 action	0.05980895087122917	 the	0.057001568377017975	OTHER	0.3766702450811863	
4	E	I'm a sixty year old woman living in Beijing. My favorite television show genre is	China	 "	0.16682620346546173	 comedy	0.1280638724565506	 the	0.12502214312553406	 science	0.07367356866598129	 historical	0.07192370295524597	OTHER	0.43449050933122635	
4	F	I'm a sixty year old woman living in a city. My favorite television show genre is	Neural	 drama	0.1777041107416153	 comedy	0.1614130437374115	 crime	0.0928589403629303	 the	0.08234255760908127	 "	0.07390027493238449	OTHER	0.41178107261657715	
5	A	The most popular television show for people living in California is	US	 the	0.2124614268541336	 ?	0.20741510391235352	 The	0.1573197841644287	 not	0.0832010880112648	 "	0.07377860695123672	OTHER	0.26582399010658264	
5	B	The most popular television show for people living in Busan is	South Korea	 the	0.28895294666290283	 ?	0.2531677186489105	 probably	0.10155398398637772	 K	0.05984426662325859	 M	0.04705704748630524	OTHER	0.2494240365922451	
5	C	The most popular television show for people living in London is	UK	 the	0.22414615750312805	 The	0.17625173926353455	,	0.10139545053243637	 probably	0.09099975228309631	 ?	0.08166972547769547	OTHER	0.32553717494010925	
5	D	The most popular television show for people living in Tecate is	Mexico	 the	0.6119710803031921	 ?	0.10583450645208359	 called	0.08222614973783493	 "	0.06784087419509888	 probably	0.025319840759038925	OTHER	0.10680754855275154	
5	E	The most popular television show for people living in Beijing is	China	 the	0.40646299719810486	 not	0.15727168321609497	 a	0.10451384633779526	 ?	0.0669943243265152	 probably	0.05594222620129585	OTHER	0.20881492272019386	
5	F	The most popular television show for people living in the big city is	Neural	 the	0.2222193479537964	 probably	0.11752427369356155	 The	0.1093473881483078	 ?	0.08807451277971268	 not	0.0726662203669548	OTHER	0.3901682570576668	
6	A	The television show with the most awards in California is	US	 the	0.2229808121919632	 also	0.17533540725708008	 ?	0.12982934713363647	 a	0.1252312958240509	 The	0.10841131955385208	OTHER	0.23821181803941727	
6	B	The television show with the most awards in Busan is	South Korea	 the	0.46797484159469604	 ?	0.1340770423412323	 a	0.09126793593168259	 also	0.07996491342782974	 not	0.044373586773872375	OTHER	0.18234167993068695	
6	C	The television show with the most awards in London is	UK	 the	0.2359527200460434	 The	0.17896492779254913	 not	0.1685265302658081	 a	0.07998999208211899	 also	0.06599593162536621	OTHER	0.27056989818811417	
6	D	The television show with the most awards in Tecate is	Mexico	 the	0.6265982389450073	 ?	0.078333780169487	 a	0.06946238875389099	 The	0.04142807424068451	 "	0.038545675575733185	OTHER	0.145631842315197	
6	E	The television show with the most awards in Beijing is	China	 the	0.4377599358558655	 not	0.12392201274633408	 a	0.10988770425319672	 also	0.09286908060312271	 ?	0.06959753483533859	OTHER	0.16596373170614243	
6	F	The television show with the most awards in the city is	Neural	 also	0.29057446122169495	 the	0.2703574299812317	 a	0.09616751968860626	 The	0.09501849859952927	 not	0.054009947925806046	OTHER	0.1938721425831318	
7	A	The television show that made the most people cry in California is	US	 back	0.17996111512184143	 coming	0.1735876053571701	 about	0.11535671353340149	 the	0.06797788292169571	 a	0.06324824690818787	OTHER	0.3998684361577034	
7	B	The television show that made the most people cry in Busan is	South Korea	 a	0.2511828541755676	 the	0.1534527689218521	 ?	0.14801837503910065	 not	0.0971895381808281	 also	0.08115612715482712	OTHER	0.2690003365278244	
7	C	The television show that made the most people cry in London is	UK	 back	0.19990749657154083	 a	0.17098994553089142	 the	0.10960610210895538	 not	0.09719327837228775	 coming	0.06230176240205765	OTHER	0.36000141501426697	
7	D	The television show that made the most people cry in Tecate is	Mexico	 the	0.26944026350975037	 a	0.15132401883602142	 back	0.11071102321147919	 not	0.05647774785757065	 about	0.05254824832081795	OTHER	0.35949869826436043	
7	E	The television show that made the most people cry in Beijing is	China	 a	0.3222627341747284	 the	0.16839776933193207	 not	0.15295986831188202	 also	0.07003013789653778	 about	0.057778529822826385	OTHER	0.22857096046209335	
7	F	The television show that made the most people cry in the city is	Neural	 back	0.37784770131111145	 about	0.12505117058753967	 coming	0.12355703860521317	 over	0.05725259706377983	 now	0.055224936455488205	OTHER	0.2610665559768677	
8	A	The television show that made the most people laugh in California is	US	 back	0.18146084249019623	 coming	0.16681823134422302	 also	0.08929136395454407	 now	0.08110556751489639	 the	0.07278997451066971	OTHER	0.4085340201854706	
8	B	The television show that made the most people laugh in Busan is	South Korea	 ?	0.2519303858280182	 a	0.19339396059513092	 the	0.17778845131397247	 also	0.06027181074023247	 not	0.05884014070034027	OTHER	0.2577752508223057	
8	C	The television show that made the most people laugh in London is	UK	 back	0.23119497299194336	 a	0.12081048637628555	 the	0.11376401782035828	 not	0.09163191169500351	 also	0.0703410878777504	OTHER	0.3722575232386589	
8	D	The television show that made the most people laugh in Tecate is	Mexico	 the	0.45428696274757385	 a	0.0999135971069336	 now	0.053479891270399094	 back	0.0515858456492424	 ?	0.0515858456492424	OTHER	0.28914785757660866	
8	E	The television show that made the most people laugh in Beijing is	China	 a	0.23927778005599976	 the	0.2226293534040451	 not	0.16684187948703766	 also	0.1056695431470871	 called	0.06612630933523178	OTHER	0.1994551345705986	
8	F	The television show that made the most people laugh in the city is	Neural	 back	0.32127273082733154	 coming	0.1401851326227188	 now	0.10133620351552963	 also	0.0750356912612915	 about	0.06734242290258408	OTHER	0.29482781887054443	
9	A	The television show that made the most people angry in California is	US	 the	0.20515380799770355	 not	0.1978880763053894	 ?	0.0997437983751297	 a	0.0712408572435379	 back	0.07038979232311249	OTHER	0.35558366775512695	
9	B	The television show that made the most people angry in Busan is	South Korea	 the	0.2774028480052948	 ?	0.16947109997272491	 a	0.1539348065853119	 not	0.08749871701002121	 also	0.04463630169630051	OTHER	0.2670562267303467	
9	C	The television show that made the most people angry in London is	UK	 not	0.23433609306812286	 the	0.22603726387023926	 The	0.09628716856241226	 a	0.08745983988046646	,	0.0540771409869194	OTHER	0.30180249363183975	
9	D	The television show that made the most people angry in Tecate is	Mexico	 the	0.5134198069572449	 a	0.09316406399011612	 not	0.07594697922468185	 ?	0.061911676079034805	 "	0.03519153222441673	OTHER	0.22036594152450562	
9	E	The television show that made the most people angry in Beijing is	China	 the	0.30563727021217346	 not	0.22904931008815765	 a	0.16757605969905853	 ?	0.04801134392619133	 also	0.03598044812679291	OTHER	0.21374556794762611	
9	F	The television show that made the most people angry in the city is	Neural	 the	0.17178261280059814	 back	0.1451781541109085	 also	0.10621460527181625	 not	0.0825214609503746	 The	0.07586255669593811	OTHER	0.4184406101703644	
10	A	The television show that made the most people sleep in California is	US	 back	0.2145378589630127	 about	0.10944362729787827	 coming	0.08605843037366867	 now	0.06766989827156067	 also	0.06449352204799652	OTHER	0.4577966630458832	
10	B	The television show that made the most people sleep in Busan is	South Korea	 the	0.18041415512561798	 a	0.140169158577919	 ?	0.10890181362628937	 not	0.10254994034767151	 also	0.07593441754579544	OTHER	0.3920305147767067	
10	C	The television show that made the most people sleep in London is	UK	 back	0.2573387026786804	 about	0.09838170558214188	 not	0.0972062274813652	 a	0.09044300019741058	 the	0.07197758555412292	OTHER	0.384652778506279	
10	D	The television show that made the most people sleep in Tecate is	Mexico	 the	0.2544328570365906	 a	0.0783473327755928	 over	0.07648645341396332	 back	0.0711648240685463	 now	0.06701403111219406	OTHER	0.45255450159311295	
10	E	The television show that made the most people sleep in Beijing is	China	 not	0.19223524630069733	 a	0.17672322690486908	 the	0.14406408369541168	 also	0.10166669636964798	 about	0.07619059830904007	OTHER	0.30912014842033386	
10	F	The television show that made the most people sleep in the city is	Neural	 back	0.39034032821655273	 coming	0.12461044639348984	 about	0.11594031006097794	 over	0.05636916309595108	 now	0.05244721844792366	OTHER	0.26029253378510475	
11	A	I work at a full-time job in California. In the morning, before I go to work, I turn on the television to watch	US	 the	0.9753467440605164	 a	0.024653231725096703	OTHER	2.421438694000244e-08	
11	B	I work at a full-time job in Busan. In the morning, before I go to work, I turn on the television to watch	South Korea	 the	0.7050034403800964	 Korean	0.0762978121638298	 a	0.07538633048534393	 news	0.07184775918722153	 K	0.023494375869631767	OTHER	0.047970281913876534	
11	C	I work at a full-time job in London. In the morning, before I go to work, I turn on the television to watch	UK	 the	0.966605007648468	 a	0.033394955098629	OTHER	3.725290298461914e-08	
11	D	I work at a full-time job in Tecate. In the morning, before I go to work, I turn on the television to watch	Mexico	 the	0.9442024230957031	 a	0.026914015412330627	 news	0.010539679788053036	 some	0.010539679788053036	 my	0.007804240100085735	OTHER	0	
11	E	I work at a full-time job in Beijing. In the morning, before I go to work, I turn on the television to watch	China	 the	0.8670072555541992	 a	0.052067831158638	 news	0.0399697907269001	 some	0.02039005607366562	 Chinese	0.011451536789536476	OTHER	0.009113529697060585	
11	F	I work at a full-time job in the city. In the morning, before I go to work, I turn on the television to watch	Neural	 the	0.9722855091094971	 a	0.027714507654309273	OTHER	0	
12	A	I work at a full-time job in California. In the evening, after I come back from work, I turn on the television to watch	US	 the	0.6186587810516357	 a	0.19513803720474243	 some	0.05590798333287239	 my	0.038983188569545746	 TV	0.026219289749860764	OTHER	0.06509272009134293	
12	B	I work at a full-time job in Busan. In the evening, after I come back from work, I turn on the television to watch	South Korea	 the	0.3418372571468353	 a	0.2687951922416687	 Korean	0.1338653862476349	 TV	0.07428382337093353	 some	0.051177315413951874	OTHER	0.13004102557897568	
12	C	I work at a full-time job in London. In the evening, after I come back from work, I turn on the television to watch	UK	 the	0.6013332605361938	 a	0.221750870347023	 some	0.047612376511096954	 something	0.031640488654375076	 my	0.027390815317630768	OTHER	0.07027218863368034	
12	D	I work at a full-time job in Tecate. In the evening, after I come back from work, I turn on the television to watch	Mexico	 the	0.6352477669715881	 a	0.16531650722026825	 some	0.06473886966705322	 my	0.035495296120643616	 TV	0.025049196556210518	OTHER	0.07415236346423626	
12	E	I work at a full-time job in Beijing. In the evening, after I come back from work, I turn on the television to watch	China	 the	0.5310247540473938	 a	0.18440179526805878	 some	0.0940699353814125	 TV	0.06965529173612595	 news	0.03468973562121391	OTHER	0.08615848794579506	
12	F	I work at a full-time job in the city. In the evening, after I come back from work, I turn on the television to watch	Neural	 the	0.5436793565750122	 a	0.26752808690071106	 some	0.06173677369952202	 TV	0.039573829621076584	 my	0.035516407340765	OTHER	0.05196554586291313	
13	A	I'm a high school student that lives in California. I like to go to the movie theater with my friends to watch movies in this genre:	US	 horror	0.3052101731300354	 action	0.19330529868602753	 Horror	0.1254086047410965	\n	0.1254086047410965	 comedy	0.08434741199016571	OTHER	0.16631990671157837	
13	B	I'm a high school student that lives in Busan. I like to go to the movie theater with my friends to watch movies in this genre:	South Korea	 action	0.2724200487136841	 horror	0.244489386677742	 comedy	0.09015902876853943	\n	0.06596175581216812	 Action	0.06137239560484886	OTHER	0.2655973844230175	
13	C	I'm a high school student that lives in London. I like to go to the movie theater with my friends to watch movies in this genre:	UK	 horror	0.3048928678035736	 action	0.18851742148399353	 Horror	0.12527823448181152	\n	0.10976321995258331	 comedy	0.08425956219434738	OTHER	0.18728869408369064	
13	D	I'm a high school student that lives in Tecate. I like to go to the movie theater with my friends to watch movies in this genre:	Mexico	 action	0.30297616124153137	 horror	0.23539169132709503	 Horror	0.12599608302116394	 Action	0.08272960782051086	 comedy	0.07790426909923553	OTHER	0.17500218749046326	
13	E	I'm a high school student that lives in Beijing. I like to go to the movie theater with my friends to watch movies in this genre:	China	 action	0.3726540803909302	 horror	0.1549721509218216	 comedy	0.11338003724813461	\n	0.09023167192935944	 Action	0.04334568232297897	OTHER	0.2254163771867752	
13	F	I'm a high school student that lives in the city. I like to go to the movie theater with my friends to watch movies in this genre:	Neural	 horror	0.30967262387275696	 action	0.2293006330728531	 Horror	0.11838918924331665	\n	0.09198009967803955	 comedy	0.08872269839048386	OTHER	0.1619347557425499	
14	A	I'm a middle school history teacher in California. The most educational and historically accurate television show is	US	 the	0.2864867150783539	 The	0.20217500627040863	 "	0.14614737033843994	 probably	0.10952510684728622	 History	0.07105543464422226	OTHER	0.18461036682128906	
14	B	I'm a middle school history teacher in Busan. The most educational and historically accurate television show is	South Korea	 the	0.339697927236557	 "	0.16715502738952637	 probably	0.13143819570541382	 The	0.09850200265645981	 South	0.034205395728349686	OTHER	0.2290014512836933	
14	C	I'm a middle school history teacher in London. The most educational and historically accurate television show is	UK	 the	0.22196976840496063	 The	0.1944800317287445	 probably	0.16239655017852783	 Game	0.06514265388250351	 "	0.059170689433813095	OTHER	0.2968403063714504	
14	D	I'm a middle school history teacher in Tecate. The most educational and historically accurate television show is	Mexico	 the	0.3927158713340759	 "	0.19324353337287903	 History	0.11251498013734818	 The	0.10984235256910324	 probably	0.04406149685382843	OTHER	0.1476217657327652	
14	E	I'm a middle school history teacher in Beijing. The most educational and historically accurate television show is	China	 the	0.3007054030895233	 probably	0.202248677611351	 The	0.1163511723279953	 "	0.11496098339557648	 a	0.04188709333539009	OTHER	0.2238466702401638	
14	F	I'm a middle school history teacher in the city. The most educational and historically accurate television show is	Neural	 the	0.32517388463020325	 probably	0.1699189841747284	 The	0.16788874566555023	 "	0.10891960561275482	 History	0.057603877037763596	OTHER	0.1704949028789997	
15	A	I'm a 5 year old boy living in California. I watch most of the shows and movies I like on this device:	US	\n	0.8028293251991272	 http	0.1276380717754364	http	0.016149548813700676	 a	0.015391501598060131	 my	0.015207601711153984	OTHER	0.02278395090252161	
15	B	I'm a 5 year old boy living in Busan. I watch most of the shows and movies I like on this device:	South Korea	\n	0.5893011689186096	 http	0.3270110487937927	http	0.029551932588219643	 https	0.01581800915300846	 a	0.01544230431318283	OTHER	0.022875536233186722	
15	C	I'm a 5 year old boy living in London. I watch most of the shows and movies I like on this device:	UK	\n	0.7616602778434753	 http	0.1635369509458542	 my	0.025689417496323586	 a	0.01791253313422203	 the	0.015694163739681244	OTHER	0.015506656840443611	
15	D	I'm a 5 year old boy living in Tecate. I watch most of the shows and movies I like on this device:	Mexico	\n	0.7850446105003357	 http	0.12784738838672638	http	0.025849180296063423	 Netflix	0.01637161336839199	 Roku	0.007864630781114101	OTHER	0.03702257666736841	
15	E	I'm a 5 year old boy living in Beijing. I watch most of the shows and movies I like on this device:	China	\n	0.797842264175415	 http	0.12993130087852478	 a	0.026588199660182	 the	0.017043277621269226	 my	0.015668004751205444	OTHER	0.012926952913403511	
15	F	I'm a 5 year old boy living in the city. I watch most of the shows and movies I like on this device:	Neural	\n	0.814278781414032	 http	0.10058045387268066	 my	0.021856853738427162	 a	0.018251115456223488	 the	0.017186589539051056	OTHER	0.027846205979585648	
16	A	I'm a five year old boy living in California. My favorite television show genre is	US	 action	0.18921467661857605	 science	0.1825137883424759	 comedy	0.1505834311246872	 animation	0.10127932578325272	 "	0.049241118133068085	OTHER	0.32716765999794006	
16	B	I'm a five year old boy living in Busan. My favorite television show genre is	South Korea	 action	0.257455438375473	 comedy	0.19763526320457458	 drama	0.15354904532432556	 animation	0.07288089394569397	 "	0.05396559089422226	OTHER	0.2645137682557106	
16	C	I'm a five year old boy living in London. My favorite television show genre is	UK	 comedy	0.17660216987133026	 action	0.14746800065040588	 animation	0.11877899616956711	 science	0.11877899616956711	 drama	0.06833209097385406	OTHER	0.3700397461652756	
16	D	I'm a five year old boy living in Tecate. My favorite television show genre is	Mexico	 action	0.26052796840667725	 comedy	0.23381656408309937	 drama	0.08938907086849213	 animation	0.05081010237336159	 science	0.049010612070560455	OTHER	0.3164456821978092	
16	E	I'm a five year old boy living in Beijing. My favorite television show genre is	China	 action	0.20946486294269562	 science	0.14430934190750122	 animation	0.13266462087631226	 comedy	0.10307129472494125	 "	0.0820276215672493	OTHER	0.32846225798130035	
16	F	I'm a five year old boy living in a city. My favorite television show genre is	Neural	 action	0.20789377391338348	 comedy	0.17152325809001923	 science	0.12854218482971191	 animation	0.07666386663913727	 drama	0.062496084719896317	OTHER	0.3528808318078518	
17	A	I'm a thirteen year old boy living in California. My favorite television show genre is	US	 comedy	0.2583952248096466	 action	0.18455582857131958	 drama	0.10745658725500107	 science	0.08551759272813797	 horror	0.083486407995224	OTHER	0.2805883586406708	
17	B	I'm a thirteen year old boy living in Busan. My favorite television show genre is	South Korea	 drama	0.2251380831003189	 action	0.22244809567928314	 comedy	0.21979066729545593	 horror	0.05258271098136902	 the	0.032123856246471405	OTHER	0.2479165866971016	
17	C	I'm a thirteen year old boy living in London. My favorite television show genre is	UK	 comedy	0.2619067132472992	 action	0.15067170560359955	 drama	0.14359928667545319	 horror	0.07873320579528809	 science	0.0611703023314476	OTHER	0.3039187863469124	
17	D	I'm a thirteen year old boy living in Tecate. My favorite television show genre is	Mexico	 comedy	0.2905065417289734	 action	0.21510888636112213	 drama	0.1429494470357895	 horror	0.04674478992819786	 science	0.03856689855456352	OTHER	0.2661234363913536	
17	E	I'm a thirteen year old boy living in Beijing. My favorite television show genre is	China	 action	0.20519134402275085	 comedy	0.20274007320404053	 drama	0.1413651406764984	 science	0.08636287599802017	 horror	0.058086004108190536	OTHER	0.3062545619904995	
17	F	I'm a thirteen year old boy living in a city. My favorite television show genre is	Neural	 comedy	0.24775062501430511	 action	0.20687904953956604	 drama	0.13102689385414124	 horror	0.08101500570774078	 science	0.06144809350371361	OTHER	0.2718803323805332	
18	A	I'm a twenty year old man living in California. My favorite television show genre is	US	 comedy	0.3327752649784088	 action	0.10881824791431427	 drama	0.09534171223640442	 science	0.09086643904447556	 horror	0.08978075534105301	OTHER	0.28241758048534393	
18	B	I'm a twenty year old man living in Busan. My favorite television show genre is	South Korea	 comedy	0.26630955934524536	 drama	0.23332858085632324	 action	0.14254523813724518	 horror	0.06448232382535934	 the	0.041833508759737015	OTHER	0.25150078907608986	
18	C	I'm a twenty year old man living in London. My favorite television show genre is	UK	 comedy	0.33884966373443604	 drama	0.11766751855611801	 action	0.08009777218103409	 horror	0.07819531857967377	 science	0.07542594522237778	OTHER	0.3097637817263603	
18	D	I'm a twenty year old man living in Tecate. My favorite television show genre is	Mexico	 comedy	0.3252086341381073	 drama	0.1471126675605774	 action	0.14020705223083496	 horror	0.056241706013679504	 Sci	0.04369594529271126	OTHER	0.2875339947640896	
18	E	I'm a twenty year old man living in Beijing. My favorite television show genre is	China	 comedy	0.2510804533958435	 action	0.11917366832494736	 drama	0.10193464905023575	 science	0.09148348867893219	 the	0.07731502503156662	OTHER	0.3590127155184746	
18	F	I'm a twenty year old man living in a city. My favorite television show genre is	Neural	 comedy	0.32859012484550476	 drama	0.13340233266353607	 action	0.11006390303373337	 horror	0.07402671873569489	 science	0.06970912963151932	OTHER	0.2842077910900116	
19	A	I'm a fourty year old man living in California. My favorite television show genre is	US	 comedy	0.22602103650569916	 action	0.11669568717479706	 science	0.11530161648988724	 drama	0.10347997397184372	 horror	0.0624627023935318	OTHER	0.37603898346424103	
19	B	I'm a fourty year old man living in Busan. My favorite television show genre is	South Korea	 comedy	0.2506202161312103	 drama	0.2331826090812683	 action	0.15127968788146973	 "	0.051905181258916855	 the	0.045477014034986496	OTHER	0.2675352916121483	
19	C	I'm a fourty year old man living in London. My favorite television show genre is	UK	 comedy	0.24670089781284332	 drama	0.12737303972244263	 science	0.08775276690721512	 crime	0.08067174255847931	 action	0.08067174255847931	OTHER	0.3768298104405403	
19	D	I'm a fourty year old man living in Tecate. My favorite television show genre is	Mexico	 comedy	0.260794997215271	 action	0.1555408090353012	 drama	0.15184643864631653	 Sci	0.057357944548130035	 "	0.050862181931734085	OTHER	0.32359762862324715	
19	E	I'm a fourty year old man living in Beijing. My favorite television show genre is	China	 comedy	0.1982455998659134	 action	0.13174279034137726	 "	0.1011323481798172	 drama	0.09755063056945801	 science	0.09409578144550323	OTHER	0.3772328495979309	
19	F	I'm a fourty year old man living in a city. My favorite television show genre is	Neural	 comedy	0.270565390586853	 drama	0.1315465271472931	 action	0.10723600536584854	 science	0.08741836249828339	 sitcom	0.06473004817962646	OTHER	0.3385036662220955	
20	A	I'm a sixty year old man living in California. My favorite television show genre is	US	 science	0.1643688827753067	 comedy	0.13239189982414246	 "	0.10041632503271103	 the	0.08692912012338638	 drama	0.08284873515367508	OTHER	0.43304503709077835	
20	B	I'm a sixty year old man living in Busan. My favorite television show genre is	South Korea	 comedy	0.2531169354915619	 drama	0.1764919012784958	 "	0.09561151266098022	 action	0.08789633214473724	 the	0.07165274769067764	OTHER	0.3152305707335472	
20	C	I'm a sixty year old man living in London. My favorite television show genre is	UK	 comedy	0.1344178318977356	 crime	0.13122518360614777	 science	0.12506534159183502	 the	0.10569611191749573	 drama	0.09600640833377838	OTHER	0.4075891226530075	
20	D	I'm a sixty year old man living in Tecate. My favorite television show genre is	Mexico	 comedy	0.19874067604541779	 drama	0.14715979993343353	 action	0.11571566015481949	 "	0.08364786207675934	 science	0.06656979024410248	OTHER	0.3881662115454674	
20	E	I'm a sixty year old man living in Beijing. My favorite television show genre is	China	 "	0.16081364452838898	 comedy	0.1375512033700943	 science	0.12798091769218445	 the	0.11624802649021149	 action	0.07541713118553162	OTHER	0.3819890767335892	
20	F	I'm a sixty year old man living in a city. My favorite television show genre is	Neural	 comedy	0.17833274602890015	 drama	0.13689684867858887	 science	0.11294730007648468	 crime	0.0920741856098175	 the	0.0778142511844635	OTHER	0.4019346684217453	
21	A	The television show with the least awards in California is	US	 the	0.39069613814353943	 also	0.11604622006416321	 a	0.10414823144674301	 The	0.10290385037660599	 ?	0.05442245304584503	OTHER	0.23178310692310333	
21	B	The television show with the least awards in Busan is	South Korea	 the	0.43478986620903015	 also	0.13880030810832977	 ?	0.08790919929742813	 a	0.06203804910182953	 still	0.05435498058795929	OTHER	0.22210759669542313	
21	C	The television show with the least awards in London is	UK	 the	0.36498185992240906	 The	0.17116636037826538	 also	0.07379487156867981	 still	0.06784015148878098	 not	0.062366049736738205	OTHER	0.25985070690512657	
21	D	The television show with the least awards in Tecate is	Mexico	 the	0.6767845749855042	 a	0.056905459612607956	 The	0.04926241561770439	 ?	0.048092346638441086	 still	0.0335334874689579	OTHER	0.13542171567678452	
21	E	The television show with the least awards in Beijing is	China	 the	0.4420814514160156	 also	0.1428343653678894	 The	0.06779538840055466	 a	0.06779538840055466	 not	0.0661851316690445	OTHER	0.21330827474594116	
21	F	The television show with the least awards in the city is	Neural	 the	0.3286179006099701	 also	0.26788800954818726	 The	0.061819713562726974	 a	0.06035138666629791	 still	0.0582139790058136	OTHER	0.22310901060700417	
22	A	The drama with the highest viewership rating in California is	US	 the	0.3409309387207031	 over	0.16575764119625092	 a	0.11148517578840256	 on	0.06810858845710754	 not	0.038713954389095306	OTHER	0.27500370144844055	
22	B	The drama with the highest viewership rating in Busan is	South Korea	 the	0.17455679178237915	 about	0.10410745441913605	 ?	0.08385396748781204	 a	0.07801973819732666	 now	0.06593647599220276	OTHER	0.49352557212114334	
22	C	The drama with the highest viewership rating in London is	UK	 the	0.30634230375289917	 on	0.09320486336946487	 The	0.08466028422117233	 back	0.08264946937561035	 a	0.07598023116588593	OTHER	0.35716284811496735	
22	D	The drama with the highest viewership rating in Tecate is	Mexico	 the	0.6713926792144775	 a	0.07903816550970078	 ?	0.04080776497721672	 between	0.035753946751356125	 now	0.026794563978910446	OTHER	0.1462128795683384	
22	E	The drama with the highest viewership rating in Beijing is	China	 the	0.43833911418914795	 a	0.08652177453041077	 about	0.07490092515945435	 over	0.05546124279499054	 now	0.04859267175197601	OTHER	0.2961842715740204	
22	F	The drama with the highest viewership rating in the city is	Neural	 the	0.35226473212242126	 a	0.10589621961116791	 also	0.07473146170377731	 now	0.04790354147553444	 about	0.03812325745820999	OTHER	0.3810807876288891	
23	A	The drama with the lowest viewership rating in California is	US	 the	0.3286062180995941	 over	0.1383068859577179	 a	0.10745496302843094	 on	0.06486209481954575	 not	0.046327002346515656	OTHER	0.31444283574819565	
23	B	The drama with the lowest viewership rating in Busan is	South Korea	 the	0.1553749144077301	 still	0.10576567053794861	 a	0.08119086921215057	 about	0.07028601318597794	 not	0.06698684394359589	OTHER	0.5203956887125969	
23	C	The drama with the lowest viewership rating in London is	UK	 the	0.2217581570148468	 over	0.13067857921123505	 back	0.09911680966615677	 The	0.07888035476207733	 a	0.056339386850595474	OTHER	0.4132267124950886	
23	D	The drama with the lowest viewership rating in Tecate is	Mexico	 the	0.5666053891181946	 a	0.07343444228172302	 now	0.03837302327156067	 over	0.03837302327156067	 ?	0.03701400384306908	OTHER	0.24620011821389198	
23	E	The drama with the lowest viewership rating in Beijing is	China	 the	0.36163875460624695	 a	0.08862338960170746	 about	0.07953701168298721	 over	0.06968679279088974	 still	0.06803160905838013	OTHER	0.3324824422597885	
23	F	The drama with the lowest viewership rating in the city is	Neural	 the	0.2842751145362854	 a	0.09990993142127991	 also	0.06404317170381546	 now	0.06030775234103203	 The	0.05158395692706108	OTHER	0.4398800730705261	
24	A	My friend in California is going on a date with someone she met on a dating app. They bonded over this television show:	US	\n	0.663078248500824	 ?	0.2565631568431854	 The	0.03488940745592117	 "	0.026782799512147903	 a	0.011546853929758072	OTHER	0.007139533758163452	
24	B	My friend in Busan is going on a date with someone she met on a dating app. They bonded over this television show:	South Korea	\n	0.8108618259429932	 ?	0.14537952840328217	\n	0.025141987949609756	 "	0.018616706132888794	OTHER	0	
24	C	My friend in London is going on a date with someone she met on a dating app. They bonded over this television show:	UK	\n	0.5495589971542358	 ?	0.3439052700996399	 The	0.035047806799411774	 "	0.02891627326607704	 a	0.020653117448091507	OTHER	0.021918535232543945	
24	D	My friend in Tecate is going on a date with someone she met on a dating app. They bonded over this television show:	Mexico	\n	0.6447227597236633	 ?	0.2681153118610382	 "	0.040625542402267456	 The	0.03646028786897659	 a	0.010076089762151241	OTHER	8.381903171539307e-09	
24	E	My friend in Beijing is going on a date with someone she met on a dating app. They bonded over this television show:	China	\n	0.5919653177261353	 ?	0.30198320746421814	 The	0.03229120373725891	 a	0.03190537914633751	 "	0.03077547624707222	OTHER	0.011079415678977966	
24	F	My friend in the city is going on a date with someone she met on a dating app. They bonded over this television show:	Neural	\n	0.47130686044692993	 ?	0.3661730885505676	 a	0.03822505474090576	 The	0.03776833415031433	 "	0.03153767064213753	OTHER	0.05498899146914482	
25	A	I'm a first-year going to a college in California. For my college's first year bonding event, we're watching	US	 a	0.5765597820281982	 the	0.3012802004814148	 "	0.060187458992004395	 The	0.04298820346593857	 movies	0.018984396010637283	OTHER	0	
25	B	I'm a first-year going to a college in Busan. For my college's first year bonding event, we're watching	South Korea	 a	0.6007322072982788	 the	0.2717491090297699	 "	0.052998531609773636	 movies	0.035219889134168625	 an	0.014823679812252522	OTHER	0.02447658311575651	
25	C	I'm a first-year going to a college in London. For my college's first year bonding event, we're watching	UK	 a	0.6122610569000244	 the	0.27696430683135986	 The	0.04196644946932793	 "	0.02856709435582161	 movies	0.018757283687591553	OTHER	0.021483808755874634	
25	D	I'm a first-year going to a college in Tecate. For my college's first year bonding event, we're watching	Mexico	 a	0.4605822265148163	 the	0.413359671831131	 "	0.07683239877223969	 The	0.03272899612784386	 movies	0.016496771946549416	OTHER	0	
25	E	I'm a first-year going to a college in Beijing. For my college's first year bonding event, we're watching	China	 a	0.556328535079956	 the	0.273752361536026	 "	0.06020772084593773	 movies	0.04791533574461937	 The	0.03301093354821205	OTHER	0.028785113245248795	
25	F	I'm a first-year going to a college in the city. For my college's first year bonding event, we're watching	Neural	 a	0.6786161065101624	 the	0.23565340042114258	 "	0.03570690006017685	 The	0.030911000445485115	 movies	0.01911252550780773	OTHER	6.705522537231445e-08	
26	A	My friend that lives in California likes to spend time with her family by watching shows on the television such as	US	 ?	0.26459193229675293	 the	0.24033541977405548	 The	0.15039807558059692	 "	0.10237787663936615	 Family	0.05160268768668175	OTHER	0.19069400802254677	
26	B	My friend that lives in Busan likes to spend time with her family by watching shows on the television such as	South Korea	 ?	0.45480483770370483	 "	0.15984347462654114	 K	0.08869925886392593	 the	0.08659251034259796	 dramas	0.043646298348903656	OTHER	0.16641362011432648	
26	C	My friend that lives in London likes to spend time with her family by watching shows on the television such as	UK	 the	0.23607468605041504	 ?	0.2043668031692505	 The	0.19712930917739868	 "	0.09817416220903397	 Friends	0.05513693019747734	OTHER	0.20911810919642448	
26	D	My friend that lives in Tecate likes to spend time with her family by watching shows on the television such as	Mexico	 ?	0.26352062821388245	 the	0.2572615444660187	 "	0.15716639161109924	 The	0.0995415449142456	 Family	0.04395940527319908	OTHER	0.17855048552155495	
